[2016-05-21 04:57:00.971423] 7C:EC:79:61:8B:7A 00 97 0001 4.65 0002 0.30 0003 80.04 0004 38.06 0005 41.66 0006 6.70
[2016-05-21 04:57:02.524305] 7C:EC:79:61:8B:7A 00 97 0001 0.40 0002 0.61 0003 82.97 0004 38.06 0005 41.80 0006 17.89
[2016-05-21 04:57:04.365589] 7C:EC:79:61:8B:7A 00 97 0001 0.52 0002 0.45 0003 83.77 0004 38.06 0005 41.81 0006 8.72
[2016-05-21 04:57:05.768765] 7C:EC:79:61:8B:7A 00 97 0001 1.98 0002 0.51 0003 83.08 0004 38.06 0005 41.87 0006 17.45
[2016-05-21 04:57:07.286305] 7C:EC:79:61:8B:7A 00 97 0001 0.44 0002 0.60 0003 83.23 0004 38.06 0005 41.69 0006 20.26
[2016-05-21 04:57:13.488021] 7C:EC:79:61:8B:7A 01 97 0001 30.71 0002 0.20 0003 73.09 0004 38.06 0005 36.28 0006 8.10
[2016-05-21 04:57:14.091145] 7C:EC:79:61:8B:7A 00 97 0001 0.71 0002 0.55 0003 83.87 0004 38.06 0005 41.54 0006 25.97
[2016-05-21 04:57:15.155104] 7C:EC:79:61:8B:7A 00 97 0001 2.02 0002 0.36 0003 83.18 0004 38.06 0005 41.47 0006 23.58
[2016-05-21 04:57:16.674476] 7C:EC:79:61:8B:7A 00 97 0001 0.39 0002 0.52 0003 84.15 0004 38.06 0005 41.56 0006 7.09
[2016-05-21 04:57:18.195391] 7C:EC:79:61:8B:7A 00 97 0001 0.47 0002 0.55 0003 83.79 0004 38.06 0005 41.51 0006 17.01
[2016-05-21 04:57:19.824584] 7C:EC:79:61:8B:7A 00 97 0001 0.36 0002 0.49 0003 83.65 0004 38.06 0005 41.55 0006 8.97
[2016-05-21 04:57:21.344774] 7C:EC:79:61:8B:7A 00 97 0001 0.61 0002 0.65 0003 84.28 0004 38.06 0005 41.50 0006 30.28
[2016-05-21 04:57:22.874781] 7C:EC:79:61:8B:7A 00 97 0001 16.68 0002 0.04 0003 81.62 0004 38.06 0005 41.36 0006 13.08
[2016-05-21 04:57:23.478706] 7C:EC:79:61:8B:7A 01 97 0001 45.18 0002 0.09 0003 79.64 0004 38.06 0005 41.52 0006 77.99
[2016-05-21 04:57:24.540571] 7C:EC:79:61:8B:7A 03 97 0001 2044.87 0002 0.92 0003 151.97 0004 38.15 0005 38.69 0006 196.71
[2016-05-21 04:57:25.028562] 7C:EC:79:61:8B:7A 00 97 0001 0.29 0002 0.75 0003 151.97 0004 38.06 0005 38.30 0006 13.62
[2016-05-21 04:57:26.090198] 7C:EC:79:61:8B:7A 00 97 0001 0.25 0002 0.65 0003 79.28 0004 38.06 0005 46.56 0006 90.08
[2016-05-21 04:57:27.609835] 7C:EC:79:61:8B:7A 00 97 0001 0.20 0002 0.85 0003 74.74 0004 38.06 0005 46.65 0006 30.55
[2016-05-21 04:57:29.128080] 7C:EC:79:61:8B:7A 00 97 0001 0.30 0002 0.73 0003 74.96 0004 38.06 0005 46.76 0006 86.93
[2016-05-21 04:57:30.768750] 7C:EC:79:61:8B:7A 00 97 0001 4.57 0002 0.67 0003 74.65 0004 38.06 0005 46.87 0006 54.10
[2016-05-21 04:57:32.287049] 7C:EC:79:61:8B:7A 00 97 0001 7.54 0002 0.52 0003 75.62 0004 38.06 0005 46.92 0006 45.50
[2016-05-21 04:57:33.922192] 7C:EC:79:61:8B:7A 00 97 0001 0.54 0002 0.58 0003 75.63 0004 38.06 0005 46.93 0006 25.95
[2016-05-21 04:57:35.442563] 7C:EC:79:61:8B:7A 00 97 0001 0.30 0002 0.69 0003 74.66 0004 38.06 0005 46.76 0006 10.77
[2016-05-21 04:58:56.256700] 7C:EC:79:61:8B:7A 03 97 0001 2636.74 0002 0.89 0003 155.90 0004 38.06 0005 37.35 0006 44.95
[2016-05-21 04:58:56.750911] 7C:EC:79:61:8B:7A 01 97 0001 521.86 0002 0.32 0003 154.96 0004 38.06 0005 38.85 0006 14.94
[2016-05-21 05:07:59.466262] 7C:EC:79:61:8B:7A 01 97 0001 58.76 0002 0.38 0003 129.97 0004 45.74 0005 44.86 0006 15.01
[2016-05-21 05:08:00.077149] 7C:EC:79:61:8B:7A 00 97 0001 0.18 0002 0.81 0003 134.76 0004 51.07 0005 126.31 0006 19.40
[2016-05-21 05:08:00.595037] 7C:EC:79:61:8B:7A 00 97 0001 0.26 0002 0.89 0003 172.06 0004 51.16 0005 107.89 0006 7.03
[2016-05-21 05:08:02.156426] 7C:EC:79:61:8B:7A 00 97 0001 0.16 0002 0.76 0003 138.77 0004 50.79 0005 125.49 0006 18.93
[2016-05-21 05:08:03.698690] 7C:EC:79:61:8B:7A 00 97 0001 0.24 0002 0.84 0003 131.22 0004 50.79 0005 123.68 0006 7.11
[2016-05-21 05:08:05.232480] 7C:EC:79:61:8B:7A 00 97 0001 0.21 0002 0.80 0003 139.95 0004 51.07 0005 127.20 0006 24.63
[2016-05-21 05:08:06.764254] 7C:EC:79:61:8B:7A 00 97 0001 0.74 0002 0.54 0003 138.33 0004 50.23 0005 120.82 0006 16.51
[2016-05-21 05:08:08.402172] 7C:EC:79:61:8B:7A 00 97 0001 0.24 0002 0.74 0003 134.57 0004 51.07 0005 124.97 0006 22.75
[2016-05-21 05:08:09.928689] 7C:EC:79:61:8B:7A 00 97 0001 0.25 0002 0.77 0003 141.93 0004 50.79 0005 125.88 0006 18.36
[2016-05-21 05:10:30.188185] 7C:EC:79:61:8B:7A 01 97 0001 330.43 0002 0.49 0003 96.57 0004 50.35 0005 72.94 0006 22.30
[2016-05-21 05:10:30.681603] 7C:EC:79:61:8B:7A 01 97 0001 40.45 0002 0.26 0003 140.91 0004 48.45 0005 61.32 0006 10.61
[2016-05-21 05:10:31.752432] 7C:EC:79:61:8B:7A 00 97 0001 0.22 0002 0.73 0003 125.68 0004 49.69 0005 93.62 0006 6.98
[2016-05-21 05:10:32.249506] 7C:EC:79:61:8B:7A 00 97 0001 0.27 0002 0.78 0003 155.20 0004 50.01 0005 111.76 0006 16.70
[2016-05-21 05:10:33.784479] 7C:EC:79:61:8B:7A 00 97 0001 1.10 0002 0.49 0003 128.55 0004 49.53 0005 122.40 0006 36.24
[2016-05-21 05:10:35.313557] 7C:EC:79:61:8B:7A 00 97 0001 0.24 0002 0.75 0003 131.71 0004 49.69 0005 124.09 0006 18.43
[2016-05-21 05:10:36.856898] 7C:EC:79:61:8B:7A 00 97 0001 0.31 0002 0.76 0003 122.60 0004 49.41 0005 114.45 0006 14.18
[2016-05-21 05:10:38.504383] 7C:EC:79:61:8B:7A 00 97 0001 1.56 0002 0.40 0003 130.93 0004 49.78 0005 120.70 0006 15.77
[2016-05-21 05:10:40.032976] 7C:EC:79:61:8B:7A 00 97 0001 0.23 0002 0.79 0003 138.00 0004 49.82 0005 125.87 0006 11.19
[2016-05-21 05:10:41.677425] 7C:EC:79:61:8B:7A 00 97 0001 1.03 0002 0.45 0003 134.29 0004 49.18 0005 88.28 0006 21.11
[2016-05-21 05:11:34.780625] 7C:EC:79:61:8B:7A 01 97 0001 84.46 0002 0.27 0003 139.47 0004 51.73 0005 41.00 0006 48.65
[2016-05-21 05:11:35.849743] 7C:EC:79:61:8B:7A 00 97 0001 22.83 0002 0.44 0003 121.27 0004 43.70 0005 53.44 0006 20.22
[2016-05-21 05:11:36.346751] 7C:EC:79:61:8B:7A 00 97 0001 3.09 0002 0.31 0003 117.88 0004 46.73 0005 99.50 0006 18.53
[2016-05-21 05:11:37.893687] 7C:EC:79:61:8B:7A 00 97 0001 0.29 0002 0.74 0003 112.87 0004 47.07 0005 93.67 0006 27.62
[2016-05-21 05:11:39.426682] 7C:EC:79:61:8B:7A 00 97 0001 0.26 0002 0.88 0003 117.21 0004 47.00 0005 108.97 0006 10.96
[2016-05-21 05:11:41.075030] 7C:EC:79:61:8B:7A 00 97 0001 0.40 0002 0.77 0003 114.39 0004 47.07 0005 107.52 0006 27.27
[2016-05-21 05:11:42.607181] 7C:EC:79:61:8B:7A 00 97 0001 0.41 0002 0.59 0003 109.71 0004 47.22 0005 71.11 0006 8.73
[2016-05-21 05:11:44.131469] 7C:EC:79:61:8B:7A 00 97 0001 0.27 0002 0.80 0003 115.01 0004 47.00 0005 105.68 0006 23.52
[2016-05-21 05:11:45.775911] 7C:EC:79:61:8B:7A 00 97 0001 0.27 0002 0.82 0003 116.80 0004 47.07 0005 109.48 0006 13.67
[2016-05-21 05:12:24.795762] 7C:EC:79:61:8B:7A 02 97 0001 946.04 0002 0.39 0003 118.22 0004 47.76 0005 67.00 0006 29.37
[2016-05-21 05:12:25.867932] 7C:EC:79:61:8B:7A 01 97 0001 141.68 0002 0.31 0003 125.85 0004 0.00 0005 46.89 0006 18.92
[2016-05-21 05:12:26.368376] 7C:EC:79:61:8B:7A 02 97 0001 1090.58 0002 0.42 0003 158.22 0004 52.30 0005 40.86 0006 51.06
[2016-05-21 05:12:26.979129] 7C:EC:79:61:8B:7A 03 97 0001 1270.57 0002 0.54 0003 145.84 0004 47.63 0005 41.96 0006 41.49
[2016-05-21 05:12:27.473739] 7C:EC:79:61:8B:7A 02 97 0001 1067.75 0002 0.40 0003 131.78 0004 49.63 0005 39.31 0006 42.26
[2016-05-21 05:12:27.967574] 7C:EC:79:61:8B:7A 01 97 0001 369.81 0002 0.40 0003 155.28 0004 50.57 0005 40.66 0006 32.60
[2016-05-21 05:12:28.462858] 7C:EC:79:61:8B:7A 00 97 0001 0.31 0002 0.55 0003 131.67 0004 52.85 0005 56.99 0006 15.65
[2016-05-21 05:12:29.538961] 7C:EC:79:61:8B:7A 00 97 0001 0.20 0002 0.85 0003 171.29 0004 53.77 0005 104.91 0006 17.06
[2016-05-21 05:12:31.072654] 7C:EC:79:61:8B:7A 00 97 0001 4.94 0002 0.57 0003 136.89 0004 53.12 0005 123.09 0006 25.54
[2016-05-21 05:12:32.606262] 7C:EC:79:61:8B:7A 00 97 0001 0.39 0002 0.51 0003 130.31 0004 51.53 0005 119.08 0006 33.57
[2016-05-21 05:12:34.260348] 7C:EC:79:61:8B:7A 00 97 0001 0.22 0002 0.82 0003 140.05 0004 52.05 0005 124.28 0006 22.53
[2016-05-21 05:12:35.798170] 7C:EC:79:61:8B:7A 00 97 0001 0.21 0002 0.83 0003 139.27 0004 52.59 0005 128.41 0006 17.42
[2016-05-21 05:12:37.347399] 7C:EC:79:61:8B:7A 00 97 0001 0.21 0002 0.84 0003 151.36 0004 52.32 0005 127.84 0006 19.80
[2016-05-21 05:12:38.883939] 7C:EC:79:61:8B:7A 00 97 0001 0.20 0002 0.80 0003 149.00 0004 52.59 0005 126.33 0006 7.55
[2016-05-22 22:44:19.554465] 7C:EC:79:61:8B:7A 01 96 0001 38.18 0002 0.10 0003 56.97 0004 38.82 0005 55.83 0006 22.14
[2016-05-22 22:44:20.070931] 7C:EC:79:61:8B:7A 00 96 0001 22.43 0002 0.18 0003 47.97 0004 39.15 0005 49.00 0006 20.70
[2016-05-22 22:44:21.025742] 7C:EC:79:61:8B:7A 00 96 0001 0.29 0002 0.86 0003 67.83 0004 39.15 0005 56.11 0006 16.72
[2016-05-22 22:44:22.648693] 7C:EC:79:61:8B:7A 00 96 0001 0.32 0002 0.84 0003 71.71 0004 39.18 0005 58.12 0006 24.33
[2016-05-22 22:44:24.155310] 7C:EC:79:61:8B:7A 00 96 0001 0.26 0002 0.84 0003 72.66 0004 39.18 0005 58.40 0006 14.37
[2016-05-22 22:44:25.780039] 7C:EC:79:61:8B:7A 00 96 0001 0.27 0002 0.84 0003 70.82 0004 39.18 0005 57.94 0006 22.70
[2016-05-22 22:44:27.293522] 7C:EC:79:61:8B:7A 00 96 0001 0.27 0002 0.82 0003 73.00 0004 39.24 0005 58.65 0006 10.13
[2016-05-22 22:44:28.921282] 7C:EC:79:61:8B:7A 00 96 0001 0.27 0002 0.95 0003 70.92 0004 39.21 0005 57.76 0006 25.69
[2016-05-22 22:44:30.430213] 7C:EC:79:61:8B:7A 00 96 0001 0.31 0002 0.81 0003 71.41 0004 39.21 0005 58.27 0006 17.03
[2016-05-22 22:44:39.315581] 7C:EC:79:61:8B:7A 01 96 0001 130.74 0002 0.36 0003 73.49 0004 39.24 0005 59.14 0006 25.50
[2016-05-22 22:44:39.807940] 7C:EC:79:61:8B:7A 01 96 0001 54.02 0002 0.08 0003 68.04 0004 39.27 0005 59.40 0006 12.32
[2016-05-22 22:44:40.410309] 7C:EC:79:61:8B:7A 00 96 0001 9.56 0002 0.09 0003 44.65 0004 38.26 0005 45.70 0006 23.38
[2016-05-22 22:44:41.354642] 7C:EC:79:61:8B:7A 00 95 0001 1.13 0002 0.56 0003 72.96 0004 38.47 0005 53.62 0006 20.73
[2016-05-22 22:44:42.888523] 7C:EC:79:61:8B:7A 00 95 0001 1.03 0002 0.45 0003 71.45 0004 39.36 0005 61.38 0006 16.28
[2016-05-22 22:44:43.493319] 7C:EC:79:61:8B:7A 01 96 0001 125.51 0002 0.07 0003 66.72 0004 39.26 0005 56.75 0006 24.68
[2016-05-22 22:44:43.982543] 7C:EC:79:61:8B:7A 00 96 0001 29.33 0002 0.05 0003 55.32 0004 39.82 0005 52.02 0006 21.51
[2016-05-22 22:44:44.469311] 7C:EC:79:61:8B:7A 00 96 0001 3.71 0002 0.13 0003 79.75 0004 39.68 0005 62.70 0006 25.04
[2016-05-22 22:44:46.099969] 7C:EC:79:61:8B:7A 00 96 0001 0.26 0002 0.86 0003 70.19 0004 39.06 0005 57.06 0006 10.09
[2016-05-22 22:44:47.721900] 7C:EC:79:61:8B:7A 00 96 0001 0.21 0002 0.90 0003 71.96 0004 39.04 0005 57.02 0006 21.45
[2016-05-22 22:44:49.238089] 7C:EC:79:61:8B:7A 00 96 0001 0.24 0002 0.83 0003 71.40 0004 39.01 0005 57.41 0006 21.24
[2016-05-22 22:44:50.783250] 7C:EC:79:61:8B:7A 00 96 0001 0.28 0002 0.80 0003 71.70 0004 39.04 0005 56.82 0006 22.47
[2016-05-22 22:44:52.310849] 7C:EC:79:61:8B:7A 00 96 0001 0.22 0002 0.88 0003 71.96 0004 39.04 0005 57.15 0006 14.40
[2016-05-22 22:44:53.944110] 7C:EC:79:61:8B:7A 00 96 0001 0.40 0002 0.85 0003 71.86 0004 39.04 0005 57.23 0006 16.23
[2016-05-22 22:45:19.414073] 7C:EC:79:61:8B:7A 01 96 0001 100.71 0002 0.14 0003 66.36 0004 38.98 0005 57.06 0006 439.58
[2016-05-22 22:45:19.900009] 7C:EC:79:61:8B:7A 00 96 0001 8.28 0002 0.21 0003 62.66 0004 38.58 0005 52.18 0006 30.18
[2016-05-22 22:45:20.512935] 7C:EC:79:61:8B:7A 03 96 0001 1339.20 0002 0.11 0003 56.25 0004 46.33 0005 58.61 0006 49.92
[2016-05-22 22:45:20.999137] 7C:EC:79:61:8B:7A 00 96 0001 12.19 0002 0.15 0003 64.43 0004 38.47 0005 53.58 0006 25.05
[2016-05-22 22:45:22.055639] 7C:EC:79:61:8B:7A 00 96 0001 12.66 0002 0.22 0003 71.08 0004 38.06 0005 52.40 0006 22.68
[2016-05-22 22:45:23.680757] 7C:EC:79:61:8B:7A 00 96 0001 0.99 0002 0.31 0003 65.21 0004 38.23 0005 53.38 0006 21.16
[2016-05-22 22:45:25.198871] 7C:EC:79:61:8B:7A 00 96 0001 2.10 0002 0.31 0003 72.19 0004 39.04 0005 57.87 0006 23.25
[2016-05-22 22:45:26.713268] 7C:EC:79:61:8B:7A 00 96 0001 0.41 0002 0.71 0003 63.52 0004 38.87 0005 55.25 0006 15.49
[2016-05-22 22:45:28.343302] 7C:EC:79:61:8B:7A 02 96 0001 659.81 0002 0.06 0003 60.09 0004 38.70 0005 55.04 0006 22.91
[2016-05-22 22:45:28.832694] 7C:EC:79:61:8B:7A 01 96 0001 262.96 0002 0.07 0003 45.34 0004 38.69 0005 46.31 0006 112.00
[2016-05-22 22:45:29.815215] 7C:EC:79:61:8B:7A 00 96 0001 3.04 0002 0.36 0003 47.13 0004 38.06 0005 50.61 0006 12.85
[2016-05-22 22:45:31.443873] 7C:EC:79:61:8B:7A 00 96 0001 1.73 0002 0.28 0003 66.88 0004 38.23 0005 52.65 0006 23.25
[2016-05-22 22:45:31.930545] 7C:EC:79:61:8B:7A 03 96 0001 4826.87 0002 0.06 0003 58.85 0004 38.19 0005 51.97 0006 461.52
[2016-05-22 22:45:32.438857] 7C:EC:79:61:8B:7A 00 96 0001 27.41 0002 0.18 0003 31.13 0004 38.23 0005 30.03 0006 171.20
[2016-05-22 22:45:33.043223] 7C:EC:79:61:8B:7A 00 96 0001 0.25 0002 0.75 0003 67.31 0004 38.06 0005 51.27 0006 13.56
[2016-05-22 22:45:34.556981] 7C:EC:79:61:8B:7A 00 96 0001 0.31 0002 0.79 0003 69.11 0004 38.10 0005 51.54 0006 23.01
[2016-05-22 22:45:36.065301] 7C:EC:79:61:8B:7A 00 96 0001 0.24 0002 0.94 0003 69.85 0004 38.10 0005 51.85 0006 11.06
[2016-05-22 22:45:37.684296] 7C:EC:79:61:8B:7A 00 96 0001 0.27 0002 0.80 0003 69.62 0004 38.08 0005 51.66 0006 29.12
[2016-05-22 22:45:39.303874] 7C:EC:79:61:8B:7A 00 96 0001 0.24 0002 0.84 0003 69.95 0004 38.08 0005 51.56 0006 16.06
[2016-05-22 22:45:40.824930] 7C:EC:79:61:8B:7A 00 96 0001 0.22 0002 0.74 0003 70.38 0004 38.08 0005 51.53 0006 25.95
[2016-05-22 22:45:42.336809] 7C:EC:79:61:8B:7A 00 96 0001 0.22 0002 0.90 0003 68.65 0004 38.08 0005 51.61 0006 19.09
[2016-05-22 22:45:47.618118] 7C:EC:79:61:8B:7A 01 96 0001 171.26 0002 0.11 0003 67.88 0004 38.17 0005 51.41 0006 64.67
[2016-05-22 22:45:48.104207] 7C:EC:79:61:8B:7A 00 96 0001 0.60 0002 0.41 0003 59.05 0004 38.47 0005 51.10 0006 26.46
[2016-05-22 22:45:48.590630] 7C:EC:79:61:8B:7A 00 96 0001 0.23 0002 0.95 0003 70.00 0004 38.19 0005 51.94 0006 16.28
[2016-05-22 22:45:50.214165] 7C:EC:79:61:8B:7A 00 96 0001 0.33 0002 0.90 0003 69.02 0004 38.15 0005 51.79 0006 21.87
[2016-05-22 22:45:51.731384] 7C:EC:79:61:8B:7A 00 96 0001 0.31 0002 0.88 0003 69.31 0004 38.15 0005 52.02 0006 16.62
[2016-05-22 22:45:53.357556] 7C:EC:79:61:8B:7A 00 96 0001 0.27 0002 0.89 0003 69.12 0004 38.15 0005 51.68 0006 20.75
[2016-05-22 22:45:54.870009] 7C:EC:79:61:8B:7A 00 96 0001 0.24 0002 0.90 0003 69.24 0004 38.17 0005 51.79 0006 13.03
[2016-05-22 22:45:56.386879] 7C:EC:79:61:8B:7A 00 96 0001 0.24 0002 0.86 0003 69.57 0004 38.15 0005 51.71 0006 23.20
[2016-05-22 22:45:58.016205] 7C:EC:79:61:8B:7A 00 96 0001 0.26 0002 0.88 0003 69.15 0004 38.15 0005 51.72 0006 11.88
[2016-05-22 23:24:09.620138] 7C:EC:79:61:8B:7A 01 95 0001 191.83 0002 0.50 0003 71.12 0004 38.75 0005 56.66 0006 281.37
[2016-05-22 23:24:10.359985] 7C:EC:79:61:8B:7A 00 95 0001 10.94 0002 0.03 0003 54.19 0004 38.37 0005 47.16 0006 27.02
[2016-05-22 23:24:10.508618] 7C:EC:79:61:8B:7A 01 95 0001 81.88 0002 0.13 0003 56.82 0004 40.86 0005 54.63 0006 14.77
[2016-05-22 23:24:11.246254] 7C:EC:79:61:8B:7A 00 95 0001 4.64 0002 0.17 0003 72.51 0004 40.86 0005 52.97 0006 18.43
[2016-05-22 23:24:11.980095] 7C:EC:79:61:8B:7A 01 95 0001 463.50 0002 0.23 0003 114.19 0004 46.02 0005 47.93 0006 248.79
[2016-05-22 23:24:12.124162] 7C:EC:79:61:8B:7A 00 95 0001 12.18 0002 0.18 0003 95.58 0004 38.58 0005 51.30 0006 31.15
[2016-05-22 23:24:14.085644] 7C:EC:79:61:8B:7A 00 95 0001 0.25 0002 0.87 0003 78.28 0004 38.85 0005 54.50 0006 7.06
[2016-05-22 23:24:15.419168] 7C:EC:79:61:8B:7A 00 95 0001 0.23 0002 0.88 0003 72.29 0004 38.82 0005 56.17 0006 18.86
[2016-05-22 23:24:16.774819] 7C:EC:79:61:8B:7A 00 95 0001 0.30 0002 1.00 0003 70.85 0004 38.77 0005 55.74 0006 10.57
[2016-05-22 23:24:18.702151] 7C:EC:79:61:8B:7A 00 95 0001 0.25 0002 0.86 0003 71.27 0004 38.80 0005 55.87 0006 16.75
[2016-05-22 23:24:20.048940] 7C:EC:79:61:8B:7A 00 95 0001 0.22 0002 0.83 0003 70.10 0004 38.77 0005 55.43 0006 17.57
[2016-05-22 23:24:21.980008] 7C:EC:79:61:8B:7A 00 95 0001 0.23 0002 0.81 0003 71.62 0004 38.77 0005 55.96 0006 21.25
[2016-05-22 23:30:46.698030] 7C:EC:79:61:8B:7A 01 96 0001 74.38 0002 0.08 0003 129.27 0004 43.84 0005 76.54 0006 6.12
[2016-05-22 23:30:48.027295] 7C:EC:79:61:8B:7A 00 95 0001 0.24 0002 0.77 0003 79.44 0004 38.77 0005 56.47 0006 10.28
[2016-05-22 23:30:49.382009] 7C:EC:79:61:8B:7A 00 95 0001 0.24 0002 0.85 0003 71.76 0004 38.77 0005 56.07 0006 20.99
[2016-05-22 23:30:51.326826] 7C:EC:79:61:8B:7A 00 95 0001 0.27 0002 0.80 0003 70.81 0004 38.77 0005 55.62 0006 13.15
[2016-05-22 23:30:52.667033] 7C:EC:79:61:8B:7A 00 95 0001 0.25 0002 0.88 0003 71.26 0004 38.77 0005 55.91 0006 13.77
[2016-05-22 23:30:53.995722] 7C:EC:79:61:8B:7A 00 95 0001 0.26 0002 0.81 0003 71.07 0004 38.77 0005 55.71 0006 14.18
[2016-05-22 23:30:55.948581] 7C:EC:79:61:8B:7A 00 95 0001 0.23 0002 0.88 0003 70.68 0004 38.77 0005 55.95 0006 20.07
[2016-05-22 23:30:57.292363] 7C:EC:79:61:8B:7A 00 95 0001 0.24 0002 0.88 0003 71.12 0004 38.77 0005 55.55 0006 6.40
[2016-05-23 18:44:08.664619] 7C:EC:79:61:8B:7A 00 96 0001 0.29 0002 0.83 0003 131.69 0004 53.03 0005 113.10 0006 19.32
[2016-05-23 18:44:08.863919] 7C:EC:79:61:8B:7A 00 96 0001 0.26 0002 0.86 0003 123.72 0004 52.92 0005 112.01 0006 24.15
[2016-05-23 18:44:09.003130] 7C:EC:79:61:8B:7A 00 96 0001 0.26 0002 0.90 0003 129.15 0004 52.92 0005 113.19 0006 16.17
[2016-05-23 18:44:10.175496] 7C:EC:79:61:8B:7A 00 96 0001 0.26 0002 0.95 0003 134.89 0004 52.92 0005 112.50 0006 18.67
[2016-05-23 18:51:57.867959] 7C:EC:79:61:8B:7A 01 96 0001 31.63 0002 0.26 0003 59.26 0004 49.25 0005 50.96 0006 331.44
[2016-05-23 18:51:59.021882] 7C:EC:79:61:8B:7A 00 96 0001 22.77 0002 0.29 0003 105.71 0004 0.00 0005 86.18 0006 125.10
[2016-05-23 18:52:00.013992] 7C:EC:79:61:8B:7A 00 96 0001 0.25 0002 0.84 0003 132.20 0004 0.00 0005 109.53 0006 18.93
[2016-05-23 18:52:00.188363] 7C:EC:79:61:8B:7A 01 96 0001 102.48 0002 0.34 0003 75.76 0004 51.49 0005 77.56 0006 43.79
[2016-05-23 18:52:00.348118] 7C:EC:79:61:8B:7A 00 96 0001 0.25 0002 0.88 0003 134.54 0004 0.00 0005 111.13 0006 24.45
[2016-05-23 18:52:01.272626] 7C:EC:79:61:8B:7A 00 96 0001 0.26 0002 0.88 0003 133.34 0004 0.00 0005 102.49 0006 13.08
[2016-05-23 18:52:03.061098] 7C:EC:79:61:8B:7A 00 96 0001 0.20 0002 0.95 0003 140.73 0004 53.03 0005 114.56 0006 21.51
[2016-05-23 18:52:04.058643] 7C:EC:79:61:8B:7A 00 96 0001 0.29 0002 0.86 0003 130.86 0004 53.15 0005 112.80 0006 9.13
[2016-05-23 18:52:05.818160] 7C:EC:79:61:8B:7A 00 96 0001 0.27 0002 0.92 0003 128.05 0004 0.00 0005 112.97 0006 18.63
[2016-05-23 18:52:07.530168] 7C:EC:79:61:8B:7A 00 96 0001 0.27 0002 0.93 0003 138.77 0004 52.92 0005 114.87 0006 12.92
[2016-05-23 18:52:09.282109] 7C:EC:79:61:8B:7A 00 96 0001 0.26 0002 0.93 0003 134.60 0004 53.15 0005 114.40 0006 16.82
[2016-05-23 18:52:10.260280] 7C:EC:79:61:8B:7A 00 96 0001 0.24 0002 0.80 0003 135.04 0004 52.92 0005 111.61 0006 11.43
[2016-05-24 04:24:03.523995] 7C:EC:79:61:8B:7A 00 95 0001 0.24 0002 0.83 0003 157.04 0004 50.79 0005 107.56 0006 21.66
[2016-05-24 04:24:05.048586] 7C:EC:79:61:8B:7A 00 95 0001 0.26 0002 0.82 0003 136.27 0004 51.71 0005 122.01 0006 15.69
[2016-05-24 04:24:06.965590] 7C:EC:79:61:8B:7A 00 95 0001 0.29 0002 0.87 0003 138.85 0004 52.07 0005 120.05 0006 22.21
[2016-05-24 04:24:08.295154] 7C:EC:79:61:8B:7A 00 95 0001 0.26 0002 0.85 0003 141.06 0004 51.71 0005 124.05 0006 14.74
[2016-05-24 04:24:09.814308] 7C:EC:79:61:8B:7A 00 95 0001 0.24 0002 0.83 0003 150.51 0004 51.71 0005 124.22 0006 20.22
[2016-05-24 04:24:11.738226] 7C:EC:79:61:8B:7A 00 95 0001 0.23 0002 0.88 0003 132.24 0004 51.71 0005 121.96 0006 10.85
[2016-05-24 04:24:13.065196] 7C:EC:79:61:8B:7A 00 95 0001 0.23 0002 0.82 0003 136.95 0004 52.07 0005 122.43 0006 23.64
[2016-05-24 04:24:34.005414] 7C:EC:79:61:8B:7A 01 95 0001 111.08 0002 0.49 0003 158.39 0004 50.51 0005 79.51 0006 574.54
[2016-05-24 04:24:35.347634] 7C:EC:79:61:8B:7A 00 95 0001 7.96 0002 0.37 0003 91.36 0004 51.83 0005 67.65 0006 34.10
[2016-05-24 04:24:36.670500] 7C:EC:79:61:8B:7A 01 95 0001 62.23 0002 0.30 0003 83.55 0004 55.22 0005 87.43 0006 58.81
[2016-05-24 04:24:37.426163] 7C:EC:79:61:8B:7A 00 95 0001 0.27 0002 0.89 0003 123.47 0004 53.87 0005 107.14 0006 15.03
[2016-05-24 04:24:38.157777] 7C:EC:79:61:8B:7A 00 95 0001 0.40 0002 0.67 0003 156.53 0004 54.98 0005 122.65 0006 19.76
[2016-05-24 04:24:40.092248] 7C:EC:79:61:8B:7A 00 95 0001 0.22 0002 0.80 0003 153.19 0004 0.00 0005 124.42 0006 20.02
[2016-05-24 04:24:41.430872] 7C:EC:79:61:8B:7A 00 95 0001 0.26 0002 0.85 0003 141.11 0004 0.00 0005 124.23 0006 16.46
[2016-05-24 04:24:42.766768] 7C:EC:79:61:8B:7A 00 95 0001 0.35 0002 0.78 0003 148.91 0004 0.00 0005 126.47 0006 17.65
[2016-05-24 04:24:44.683521] 7C:EC:79:61:8B:7A 00 95 0001 0.29 0002 0.78 0003 145.48 0004 0.00 0005 124.89 0006 18.80
[2016-05-24 04:24:46.033137] 7C:EC:79:61:8B:7A 00 95 0001 0.20 0002 0.83 0003 147.95 0004 0.00 0005 126.03 0006 10.86
[2016-05-24 04:24:47.353783] 7C:EC:79:61:8B:7A 00 95 0001 0.30 0002 0.76 0003 148.99 0004 0.00 0005 127.85 0006 21.38
[2016-05-24 04:25:01.754722] 7C:EC:79:61:8B:7A 01 95 0001 50.47 0002 0.37 0003 74.79 0004 49.88 0005 78.57 0006 327.37
[2016-05-24 04:25:01.897045] 7C:EC:79:61:8B:7A 00 95 0001 0.25 0002 0.45 0003 85.01 0004 51.53 0005 89.78 0006 33.43
[2016-05-24 04:25:03.239535] 7C:EC:79:61:8B:7A 00 95 0001 0.27 0002 0.90 0003 141.89 0004 52.08 0005 116.29 0006 20.12
[2016-05-24 04:25:04.566674] 7C:EC:79:61:8B:7A 00 95 0001 0.25 0002 0.86 0003 116.65 0004 53.77 0005 104.59 0006 7.14
[2016-05-24 04:25:06.490579] 7C:EC:79:61:8B:7A 00 95 0001 0.24 0002 0.83 0003 143.53 0004 54.98 0005 123.83 0006 21.61
[2016-05-24 04:25:07.814926] 7C:EC:79:61:8B:7A 00 95 0001 0.21 0002 0.82 0003 135.43 0004 53.12 0005 123.32 0006 16.57
[2016-05-24 04:25:09.735129] 7C:EC:79:61:8B:7A 00 95 0001 0.22 0002 0.86 0003 153.77 0004 54.98 0005 127.61 0006 20.98
[2016-05-24 04:25:11.061304] 7C:EC:79:61:8B:7A 00 95 0001 0.23 0002 0.87 0003 154.53 0004 55.31 0005 126.21 0006 8.28
[2016-05-24 04:25:12.478287] 7C:EC:79:61:8B:7A 00 95 0001 12.92 0002 0.34 0003 105.76 0004 50.57 0005 99.19 0006 64.75
[2016-05-24 04:25:16.194967] 7C:EC:79:61:8B:7A 01 95 0001 43.72 0002 0.23 0003 62.73 0004 51.07 0005 60.87 0006 142.41
[2016-05-24 04:25:17.530671] 7C:EC:79:61:8B:7A 00 95 0001 0.51 0002 0.58 0003 71.85 0004 0.00 0005 67.64 0006 19.11
[2016-05-24 04:25:18.859077] 7C:EC:79:61:8B:7A 00 95 0001 0.23 0002 0.87 0003 149.87 0004 54.38 0005 126.21 0006 15.07
[2016-05-24 04:25:20.203635] 7C:EC:79:61:8B:7A 00 95 0001 0.24 0002 0.80 0003 144.82 0004 55.31 0005 126.35 0006 15.24
[2016-05-24 04:25:22.133760] 7C:EC:79:61:8B:7A 00 95 0001 0.30 0002 0.86 0003 141.36 0004 53.12 0005 124.57 0006 19.80
[2016-05-24 04:25:23.463120] 7C:EC:79:61:8B:7A 00 95 0001 0.24 0002 0.85 0003 140.45 0004 53.12 0005 124.15 0006 9.02
[2016-05-24 04:25:25.392961] 7C:EC:79:61:8B:7A 00 95 0001 0.26 0002 0.92 0003 153.35 0004 54.38 0005 127.24 0006 20.33
[2016-05-24 04:25:26.735761] 7C:EC:79:61:8B:7A 00 95 0001 0.24 0002 0.86 0003 152.43 0004 53.12 0005 125.06 0006 18.70
[2016-05-24 16:41:45.187184] 7C:EC:79:61:8B:7A 00 95 0001 0.24 0002 0.85 0003 135.46 0004 50.23 0005 121.98 0006 16.41
[2016-05-24 16:41:46.711136] 7C:EC:79:61:8B:7A 00 95 0001 0.24 0002 0.85 0003 136.78 0004 50.79 0005 120.23 0006 22.70
[2016-05-24 16:41:48.641222] 7C:EC:79:61:8B:7A 00 95 0001 0.20 0002 0.78 0003 134.12 0004 50.23 0005 120.46 0006 9.34
[2016-05-24 16:41:49.991389] 7C:EC:79:61:8B:7A 00 95 0001 0.23 0002 0.88 0003 141.87 0004 50.23 0005 121.16 0006 19.86
[2016-05-24 16:41:51.365184] 7C:EC:79:61:8B:7A 00 95 0001 0.23 0002 0.84 0003 134.54 0004 50.23 0005 120.96 0006 17.89
[2016-05-24 16:41:53.119095] 7C:EC:79:61:8B:7A 00 96 0001 0.30 0002 0.89 0003 144.69 0004 50.23 0005 121.98 0006 24.48
[2016-05-24 16:42:09.341717] 7C:EC:79:61:8B:7A 01 96 0001 162.82 0002 0.54 0003 126.38 0004 48.29 0005 109.89 0006 237.87
[2016-05-24 16:42:09.903645] 7C:EC:79:61:8B:7A 00 96 0001 0.24 0002 0.84 0003 100.92 0004 51.80 0005 84.91 0006 33.77
[2016-05-24 16:42:10.460794] 7C:EC:79:61:8B:7A 00 95 0001 0.26 0002 0.83 0003 127.03 0004 50.01 0005 116.83 0006 12.75
[2016-05-24 16:42:11.864981] 7C:EC:79:61:8B:7A 00 95 0001 0.26 0002 0.89 0003 141.90 0004 50.79 0005 121.56 0006 28.82
[2016-05-24 16:42:13.258557] 7C:EC:79:61:8B:7A 00 95 0001 0.20 0002 0.89 0003 142.08 0004 50.79 0005 120.12 0006 13.87
[2016-05-24 16:42:15.747345] 7C:EC:79:61:8B:7A 00 96 0001 0.25 0002 0.79 0003 141.26 0004 50.57 0005 120.62 0006 19.07
[2016-05-24 16:42:16.679982] 7C:EC:79:61:8B:7A 00 95 0001 0.24 0002 0.85 0003 143.39 0004 50.57 0005 121.20 0006 10.08
[2016-05-24 16:42:17.989760] 7C:EC:79:61:8B:7A 00 96 0001 0.23 0002 0.85 0003 140.56 0004 50.51 0005 120.47 0006 26.50
[2016-05-24 16:42:19.730971] 7C:EC:79:61:8B:7A 00 95 0001 0.31 0002 0.79 0003 139.30 0004 50.51 0005 122.00 0006 15.87
[2016-05-24 18:03:52.624346] 7C:EC:79:61:8B:7A 01 96 0001 145.34 0002 0.38 0003 71.33 0004 51.49 0005 83.85 0006 400.75
[2016-05-24 18:03:53.189431] 7C:EC:79:61:8B:7A 00 96 0001 4.85 0002 0.39 0003 66.60 0004 45.94 0005 62.59 0006 107.10
[2016-05-24 18:03:54.191125] 7C:EC:79:61:8B:7A 00 96 0001 0.27 0002 0.66 0003 119.30 0004 47.25 0005 96.12 0006 13.08
[2016-05-24 18:03:55.939585] 7C:EC:79:61:8B:7A 00 95 0001 0.26 0002 0.88 0003 135.65 0004 54.05 0005 119.50 0006 58.53
[2016-05-24 18:03:57.311426] 7C:EC:79:61:8B:7A 00 96 0001 4.40 0002 0.40 0003 77.63 0004 49.23 0005 77.11 0006 98.03
[2016-05-24 18:03:58.848752] 7C:EC:79:61:8B:7A 00 96 0001 0.26 0002 0.82 0003 152.91 0004 52.16 0005 114.75 0006 72.01
[2016-05-24 18:04:00.641407] 7C:EC:79:61:8B:7A 00 96 0001 0.27 0002 0.89 0003 136.54 0004 53.09 0005 124.98 0006 15.19
[2016-05-24 18:04:02.375314] 7C:EC:79:61:8B:7A 00 96 0001 0.27 0002 0.82 0003 147.46 0004 53.09 0005 124.62 0006 48.10
[2016-05-24 18:04:03.854734] 7C:EC:79:61:8B:7A 00 96 0001 0.23 0002 0.80 0003 145.39 0004 52.16 0005 121.34 0006 18.09
[2016-05-24 18:06:51.561073] 7C:EC:79:61:8B:7A 01 95 0001 206.11 0002 0.38 0003 80.97 0004 49.14 0005 75.89 0006 450.51
[2016-05-24 18:06:52.177911] 7C:EC:79:61:8B:7A 00 95 0001 0.24 0002 0.79 0003 77.20 0004 0.00 0005 85.55 0006 24.45
[2016-05-24 18:06:52.758115] 7C:EC:79:61:8B:7A 00 95 0001 0.28 0002 0.78 0003 139.41 0004 50.57 0005 111.84 0006 10.93
[2016-05-24 18:06:54.100118] 7C:EC:79:61:8B:7A 00 96 0001 0.27 0002 0.84 0003 131.45 0004 51.49 0005 117.36 0006 19.37
[2016-05-24 18:06:55.844422] 7C:EC:79:61:8B:7A 00 96 0001 2.06 0002 0.71 0003 124.33 0004 50.41 0005 117.42 0006 55.37
[2016-05-24 18:06:57.264671] 7C:EC:79:61:8B:7A 00 96 0001 0.26 0002 0.93 0003 130.74 0004 50.41 0005 114.86 0006 16.92
[2016-05-24 18:10:00.719104] 7C:EC:79:61:8B:7A 01 96 0001 63.41 0002 0.43 0003 90.38 0004 52.43 0005 75.06 0006 107.88
[2016-05-24 18:10:01.260949] 7C:EC:79:61:8B:7A 00 95 0001 16.04 0002 0.41 0003 71.28 0004 48.80 0005 72.86 0006 23.50
[2016-05-24 18:10:01.829255] 7C:EC:79:61:8B:7A 00 95 0001 2.38 0002 0.52 0003 81.05 0004 48.55 0005 92.82 0006 19.25
[2016-05-24 18:10:03.562583] 7C:EC:79:61:8B:7A 00 96 0001 0.26 0002 0.83 0003 169.83 0004 51.98 0005 107.17 0006 10.59
[2016-05-24 18:10:04.887179] 7C:EC:79:61:8B:7A 00 96 0001 0.24 0002 0.89 0003 145.04 0004 51.98 0005 119.03 0006 17.58
[2016-05-24 18:10:06.604888] 7C:EC:79:61:8B:7A 00 96 0001 0.26 0002 0.86 0003 133.28 0004 51.49 0005 119.98 0006 8.04
[2016-05-24 18:16:39.524596] 7C:EC:79:61:8B:7A 00 96 0001 0.20 0002 0.92 0003 134.79 0004 51.36 0005 120.19 0006 6.90
[2016-05-24 18:16:40.545694] 7C:EC:79:61:8B:7A 00 95 0001 0.23 0002 0.90 0003 133.76 0004 52.58 0005 120.83 0006 21.02
[2016-05-24 18:21:11.465568] 7C:EC:79:61:8B:7A 01 96 0001 231.82 0002 0.75 0003 120.03 0004 54.46 0005 58.38 0006 434.26
[2016-05-24 18:26:50.367840] 7C:EC:79:61:8B:7A 00 96 0001 0.28 0002 0.75 0003 129.12 0004 50.94 0005 120.05 0006 18.93
[2016-05-24 18:26:53.531955] 7C:EC:79:61:8B:7A 01 95 0001 515.35 0002 0.33 0003 57.05 0004 46.70 0005 41.90 0006 522.79
[2016-05-24 18:26:54.150836] 7C:EC:79:61:8B:7A 00 96 0001 0.38 0002 0.63 0003 60.48 0004 48.55 0005 56.56 0006 63.21
[2016-05-24 18:26:55.216392] 7C:EC:79:61:8B:7A 00 96 0001 0.25 0002 0.86 0003 73.99 0004 52.05 0005 74.11 0006 20.03
[2016-05-24 18:26:56.777179] 7C:EC:79:61:8B:7A 00 96 0001 0.27 0002 0.88 0003 129.57 0004 51.49 0005 118.71 0006 9.62
[2016-05-24 18:26:58.310580] 7C:EC:79:61:8B:7A 00 95 0001 0.27 0002 0.90 0003 135.70 0004 51.49 0005 121.37 0006 25.02
[2016-05-24 18:26:59.878913] 7C:EC:79:61:8B:7A 00 96 0001 0.25 0002 0.88 0003 137.94 0004 52.43 0005 123.27 0006 15.95
[2016-05-24 18:27:01.632150] 7C:EC:79:61:8B:7A 00 95 0001 0.30 0002 0.90 0003 126.58 0004 51.49 0005 121.26 0006 22.58
[2016-05-24 18:27:03.411348] 7C:EC:79:61:8B:7A 00 95 0001 0.25 0002 0.82 0003 135.59 0004 51.49 0005 122.05 0006 18.92
[2016-05-24 18:27:04.715780] 7C:EC:79:61:8B:7A 00 96 0001 0.25 0002 0.82 0003 131.55 0004 52.30 0005 118.86 0006 20.28
[2016-05-24 22:46:48.021818] 7C:EC:79:61:8B:7A 00 95 0001 0.27 0002 0.87 0003 125.94 0004 53.09 0005 89.92 0006 8.89
[2016-05-24 22:46:48.189529] 7C:EC:79:61:8B:7A 00 95 0001 0.31 0002 0.90 0003 165.63 0004 53.09 0005 99.16 0006 20.85
[2016-05-24 22:51:18.184504] 7C:EC:79:61:8B:7A 01 95 0001 70.24 0002 0.53 0003 94.34 0004 52.08 0005 82.26 0006 298.70
[2016-05-24 22:51:19.198168] 7C:EC:79:61:8B:7A 00 95 0001 8.08 0002 0.57 0003 122.90 0004 46.14 0005 73.86 0006 52.94
[2016-05-24 22:51:20.286530] 7C:EC:79:61:8B:7A 00 95 0001 0.21 0002 0.88 0003 120.95 0004 54.05 0005 107.34 0006 5.33
[2016-05-24 22:51:21.303927] 7C:EC:79:61:8B:7A 00 95 0001 0.29 0002 0.83 0003 137.81 0004 51.83 0005 118.25 0006 17.36
[2016-05-24 22:51:23.578432] 7C:EC:79:61:8B:7A 00 95 0001 0.24 0002 0.91 0003 138.17 0004 52.59 0005 118.24 0006 8.48
[2016-05-24 22:51:24.634421] 7C:EC:79:61:8B:7A 00 95 0001 0.25 0002 0.87 0003 141.61 0004 51.83 0005 121.22 0006 15.54
[2016-05-24 22:51:26.529768] 7C:EC:79:61:8B:7A 00 95 0001 0.29 0002 0.87 0003 134.64 0004 51.83 0005 119.84 0006 13.72
[2016-05-24 22:51:27.573617] 7C:EC:79:61:8B:7A 00 95 0001 0.25 0002 0.85 0003 135.72 0004 52.16 0005 119.73 0006 18.46
[2016-05-24 22:51:29.504157] 7C:EC:79:61:8B:7A 00 95 0001 0.28 0002 0.85 0003 140.31 0004 52.16 0005 117.20 0006 10.19
[2016-05-24 22:52:09.590328] 7C:EC:79:61:8B:7A 01 95 0001 382.06 0002 0.37 0003 57.12 0004 0.00 0005 63.82 0006 90.85
[2016-05-24 22:52:10.655570] 7C:EC:79:61:8B:7A 00 95 0001 4.21 0002 0.29 0003 60.20 0004 50.35 0005 45.62 0006 38.42
[2016-05-24 22:52:11.765454] 7C:EC:79:61:8B:7A 00 95 0001 0.29 0002 0.74 0003 121.87 0004 51.98 0005 103.69 0006 14.10
[2016-05-24 22:52:12.848388] 7C:EC:79:61:8B:7A 00 95 0001 0.21 0002 0.60 0003 115.81 0004 52.16 0005 108.60 0006 10.49
[2016-05-24 22:52:14.880579] 7C:EC:79:61:8B:7A 00 95 0001 2.20 0002 0.45 0003 117.71 0004 0.00 0005 106.29 0006 18.39
[2016-05-24 22:52:15.882005] 7C:EC:79:61:8B:7A 01 95 0001 131.48 0002 0.10 0003 84.96 0004 49.37 0005 77.37 0006 187.62
[2016-05-24 22:52:16.948393] 7C:EC:79:61:8B:7A 00 95 0001 24.33 0002 0.15 0003 152.21 0004 52.30 0005 65.52 0006 234.79
[2016-05-24 22:52:18.036908] 7C:EC:79:61:8B:7A 00 95 0001 0.25 0002 0.80 0003 148.77 0004 54.05 0005 117.55 0006 14.85
[2016-05-24 22:52:19.040679] 7C:EC:79:61:8B:7A 00 95 0001 0.21 0002 0.94 0003 136.11 0004 54.05 0005 115.36 0006 3.64
[2016-05-24 22:52:20.884362] 7C:EC:79:61:8B:7A 00 95 0001 0.25 0002 0.84 0003 138.45 0004 53.87 0005 117.74 0006 15.15
[2016-05-24 22:52:22.217601] 7C:EC:79:61:8B:7A 00 95 0001 0.23 0002 0.84 0003 143.84 0004 54.05 0005 120.03 0006 10.45
[2016-05-24 22:52:24.371189] 7C:EC:79:61:8B:7A 00 95 0001 0.27 0002 0.83 0003 137.17 0004 52.91 0005 118.72 0006 18.15
[2016-05-24 22:52:25.720604] 7C:EC:79:61:8B:7A 00 95 0001 0.22 0002 0.92 0003 136.68 0004 53.09 0005 120.26 0006 10.85
[2016-05-24 22:52:26.809670] 7C:EC:79:61:8B:7A 00 95 0001 0.24 0002 0.83 0003 144.47 0004 53.87 0005 116.52 0006 13.73
[2016-05-24 22:55:22.427600] 7C:EC:79:61:8B:7A 01 95 0001 63.70 0002 0.22 0003 82.97 0004 53.51 0005 93.90 0006 75.33
[2016-05-24 22:55:23.484620] 7C:EC:79:61:8B:7A 00 95 0001 0.77 0002 0.52 0003 67.22 0004 50.07 0005 76.68 0006 21.15
[2016-05-24 22:55:23.710504] 7C:EC:79:61:8B:7A 00 95 0001 0.82 0002 0.77 0003 146.60 0004 0.00 0005 113.23 0006 7.16
[2016-05-24 22:55:25.522381] 7C:EC:79:61:8B:7A 00 95 0001 0.26 0002 0.86 0003 141.11 0004 52.91 0005 119.68 0006 17.21
[2016-05-24 22:55:27.475005] 7C:EC:79:61:8B:7A 00 95 0001 0.39 0002 0.80 0003 137.16 0004 54.05 0005 114.08 0006 8.16
[2016-05-24 22:55:28.483026] 7C:EC:79:61:8B:7A 00 95 0001 0.29 0002 0.86 0003 144.91 0004 54.05 0005 117.96 0006 13.36
[2016-05-24 22:55:30.332576] 7C:EC:79:61:8B:7A 00 95 0001 0.28 0002 0.84 0003 136.86 0004 54.05 0005 115.88 0006 16.35
[2016-05-24 22:55:31.352153] 7C:EC:79:61:8B:7A 00 95 0001 0.24 0002 0.81 0003 141.98 0004 53.87 0005 115.76 0006 17.94
[2016-05-24 22:55:33.301385] 7C:EC:79:61:8B:7A 00 95 0001 0.23 0002 0.93 0003 131.27 0004 53.09 0005 116.97 0006 4.66
[2016-05-27 20:48:36.859980] 7C:EC:79:61:8B:7A 02 96 0001 0.21 0002 848.37 0003 126.98 0004 198.96 0005 21.34 0006 19.02
[2016-05-27 20:48:38.763190] 7C:EC:79:61:8B:7A 02 96 0001 0.25 0002 834.77 0003 135.87 0004 199.14 0005 21.72 0006 10.61
[2016-05-27 20:48:40.343153] 7C:EC:79:61:8B:7A 02 96 0001 0.28 0002 817.48 0003 130.64 0004 200.64 0005 21.47 0006 19.30
[2016-05-27 20:48:41.890334] 7C:EC:79:61:8B:7A 02 96 0001 0.27 0002 864.65 0003 131.16 0004 200.00 0005 21.86 0006 19.71
[2016-05-27 20:48:43.484525] 7C:EC:79:61:8B:7A 02 96 0001 0.23 0002 825.73 0003 130.17 0004 201.54 0005 21.53 0006 19.72
[2016-05-27 20:48:45.019572] 7C:EC:79:61:8B:7A 02 96 0001 0.21 0002 827.50 0003 128.19 0004 200.29 0005 21.60 0006 8.66
[2016-05-27 20:48:46.112706] 7C:EC:79:61:8B:7A 02 96 0001 0.20 0002 795.23 0003 126.90 0004 200.29 0005 21.41 0006 8.18
[2016-05-27 20:48:47.754822] 7C:EC:79:61:8B:7A 02 96 0001 0.25 0002 811.94 0003 128.61 0004 199.08 0005 21.67 0006 17.20
[2016-05-27 20:48:50.123974] 7C:EC:79:61:8B:7A 02 96 0001 0.22 0002 876.05 0003 129.67 0004 199.77 0005 22.19 0006 13.75
[2016-05-27 20:48:50.309671] 7C:EC:79:61:8B:7A 01 96 0001 2.33 0002 288.32 0003 53.01 0004 209.37 0005 15.33 0006 7.31
[2016-05-27 20:48:50.488623] 7C:EC:79:61:8B:7A 01 96 0001 0.92 0002 298.21 0003 59.18 0004 197.65 0005 15.72 0006 18.56
[2016-05-27 20:48:51.294211] 7C:EC:79:61:8B:7A 02 96 0001 0.33 0002 535.71 0003 80.22 0004 202.23 0005 24.72 0006 11.69
[2016-05-27 20:48:51.972293] 7C:EC:79:61:8B:7A 02 96 0001 0.50 0002 552.04 0003 75.66 0004 198.94 0005 21.75 0006 6.85
[2016-05-27 20:48:53.494988] 7C:EC:79:61:8B:7A 01 96 0001 78.92 0002 48.16 0003 73.38 0004 213.02 0005 22.55 0006 10.78
[2016-05-27 20:48:53.660137] 7C:EC:79:61:8B:7A 01 96 0001 544.42 0002 51.82 0003 60.41 0004 405.55 0005 25.93 0006 23.71
[2016-05-27 20:48:54.290018] 7C:EC:79:61:8B:7A 03 96 0001 3326.18 0002 90.44 0003 67.02 0004 558.38 0005 37.77 0006 15.35
[2016-05-27 20:48:55.379722] 7C:EC:79:61:8B:7A 01 96 0001 187.18 0002 66.29 0003 47.88 0004 486.52 0005 25.66 0006 14.21
[2016-05-27 20:48:56.956230] 7C:EC:79:61:8B:7A 01 96 0001 0.44 0002 435.89 0003 132.94 0004 192.26 0005 20.57 0006 25.76
[2016-05-27 20:48:58.523122] 7C:EC:79:61:8B:7A 01 96 0001 2.40 0002 392.88 0003 101.68 0004 210.67 0005 36.73 0006 203.07
[2016-05-27 20:48:59.158810] 7C:EC:79:61:8B:7A 02 96 0001 0.27 0002 582.70 0003 159.19 0004 212.38 0005 31.16 0006 22.44
[2016-05-27 20:48:59.323786] 7C:EC:79:61:8B:7A 02 95 0001 0.24 0002 816.43 0003 193.74 0004 198.57 0005 22.27 0006 12.77
[2016-05-27 20:49:00.876080] 7C:EC:79:61:8B:7A 02 96 0001 0.23 0002 857.17 0003 126.12 0004 200.41 0005 22.09 0006 92.49
[2016-05-27 20:49:01.524247] 7C:EC:79:61:8B:7A 01 96 0001 6.37 0002 315.80 0003 111.32 0004 202.33 0005 21.59 0006 78.43
[2016-05-27 20:49:02.727162] 7C:EC:79:61:8B:7A 01 96 0001 7.72 0002 140.41 0003 38.29 0004 240.18 0005 14.87 0006 28.68
[2016-05-27 20:49:04.254700] 7C:EC:79:61:8B:7A 01 96 0001 0.49 0002 168.83 0003 94.74 0004 177.63 0005 23.25 0006 30.59
[2016-05-27 20:49:05.793380] 7C:EC:79:61:8B:7A 02 96 0001 0.66 0002 564.72 0003 66.58 0004 173.35 0005 19.40 0006 7.00
[2016-05-27 20:49:06.408703] 7C:EC:79:61:8B:7A 01 96 0001 0.59 0002 291.69 0003 65.24 0004 176.28 0005 18.63 0006 20.63
[2016-05-27 20:49:07.480263] 7C:EC:79:61:8B:7A 02 96 0001 0.40 0002 504.50 0003 72.35 0004 173.30 0005 18.84 0006 21.94
[2016-05-27 20:49:07.658644] 7C:EC:79:61:8B:7A 00 96 0001 5.33 0002 60.01 0003 66.04 0004 177.80 0005 18.49 0006 6.72
[2016-05-27 20:49:08.291394] 7C:EC:79:61:8B:7A 01 96 0001 1.73 0002 209.92 0003 69.50 0004 178.53 0005 19.06 0006 33.01
[2016-05-27 20:50:01.307007] 7C:EC:79:61:8B:7A 02 96 0001 0.26 0002 791.88 0003 128.38 0004 198.85 0005 21.54 0006 79.68
[2016-05-28 04:12:08.784853] 7C:EC:79:61:8B:7A 01 95 0001 225.42 0002 0.65 0003 113.35 0004 48.34 0005 72.67 0006 284.44
[2016-05-28 04:12:09.690236] 7C:EC:79:61:8B:7A 00 95 0001 13.63 0002 0.17 0003 93.59 0004 46.58 0005 79.37 0006 8.69
[2016-05-28 04:12:11.210282] 7C:EC:79:61:8B:7A 00 95 0001 0.25 0002 0.90 0003 153.72 0004 48.09 0005 116.68 0006 15.62
[2016-05-28 04:12:12.718420] 7C:EC:79:61:8B:7A 00 95 0001 0.19 0002 0.83 0003 118.88 0004 47.89 0005 120.05 0006 10.64
[2016-05-28 04:12:14.202413] 7C:EC:79:61:8B:7A 00 95 0001 0.23 0002 0.84 0003 126.12 0004 47.89 0005 117.23 0006 18.26
[2016-05-28 04:12:15.713286] 7C:EC:79:61:8B:7A 00 95 0001 0.28 0002 0.88 0003 111.72 0004 47.70 0005 115.27 0006 9.35
[2016-05-28 04:12:17.186518] 7C:EC:79:61:8B:7A 00 95 0001 1.39 0002 0.93 0003 125.28 0004 47.89 0005 118.05 0006 16.49
[2016-05-28 04:12:18.676193] 7C:EC:79:61:8B:7A 00 95 0001 0.23 0002 0.88 0003 123.60 0004 47.89 0005 120.51 0006 14.70
[2016-05-28 04:13:07.551916] 7C:EC:79:61:8B:7A 01 95 0001 535.34 0002 0.65 0003 102.02 0004 48.04 0005 85.42 0006 560.14
[2016-05-28 04:13:07.711490] 7C:EC:79:61:8B:7A 00 95 0001 19.39 0002 0.33 0003 140.19 0004 43.23 0005 63.72 0006 399.47
[2016-05-28 04:13:09.193227] 7C:EC:79:61:8B:7A 00 95 0001 0.21 0002 0.84 0003 194.61 0004 48.34 0005 92.66 0006 13.21
[2016-05-28 04:13:10.695714] 7C:EC:79:61:8B:7A 00 95 0001 0.21 0002 0.92 0003 114.91 0004 47.70 0005 118.69 0006 17.06
[2016-05-28 04:13:12.213319] 7C:EC:79:61:8B:7A 00 95 0001 0.26 0002 0.91 0003 116.14 0004 47.53 0005 115.53 0006 13.30
[2016-05-28 04:13:13.698496] 7C:EC:79:61:8B:7A 00 95 0001 0.27 0002 0.88 0003 117.69 0004 47.70 0005 115.55 0006 28.52
[2016-05-28 04:13:15.194272] 7C:EC:79:61:8B:7A 00 95 0001 0.24 0002 0.85 0003 119.22 0004 47.59 0005 117.95 0006 8.40
[2016-05-28 04:13:16.707208] 7C:EC:79:61:8B:7A 00 95 0001 0.22 0002 0.80 0003 114.97 0004 47.42 0005 117.71 0006 20.26
[2016-05-28 04:13:18.204245] 7C:EC:79:61:8B:7A 00 95 0001 0.24 0002 0.86 0003 114.15 0004 47.70 0005 116.00 0006 7.29
[2016-05-28 04:21:19.422359] 7C:EC:79:61:8B:7A 02 95 0001 1033.80 0002 0.43 0003 140.16 0004 40.80 0005 64.55 0006 518.19
[2016-05-28 04:21:20.127593] 7C:EC:79:61:8B:7A 00 95 0001 0.22 0002 0.90 0003 135.78 0004 48.15 0005 101.69 0006 13.35
[2016-05-28 04:21:21.354142] 7C:EC:79:61:8B:7A 00 95 0001 0.24 0002 0.87 0003 128.22 0004 47.70 0005 121.49 0006 15.65
[2016-05-28 04:21:23.093166] 7C:EC:79:61:8B:7A 00 95 0001 0.24 0002 0.88 0003 116.62 0004 47.70 0005 114.13 0006 7.30
[2016-05-28 04:21:24.847224] 7C:EC:79:61:8B:7A 00 95 0001 0.24 0002 0.83 0003 115.36 0004 47.83 0005 120.65 0006 14.48
[2016-05-28 04:21:26.077733] 7C:EC:79:61:8B:7A 00 95 0001 0.24 0002 0.91 0003 128.83 0004 47.70 0005 117.96 0006 16.85
[2016-05-28 04:21:28.987708] 7C:EC:79:61:8B:7A 00 95 0001 0.21 0002 0.87 0003 121.47 0004 47.70 0005 119.28 0006 24.38
[2016-05-28 04:21:29.186362] 7C:EC:79:61:8B:7A 00 95 0001 0.26 0002 0.86 0003 121.14 0004 47.53 0005 118.72 0006 16.52
[2016-05-28 04:43:43.646536] 7C:EC:79:C7:EA::CB 01 93 0001 42.07 0002 0.12 0003 59.74 0004 38.06 0005 43.57 0006 20.34
[2016-05-28 04:50:27.538609]  7C:EC:79:F0:A0:31 00 32 0001 0.33 0002 0.86 0003 131.65 0004 51.62 0005 124.53 0006 6.09
[2016-05-28 04:55:57.284123] 7C:EC:79:F0:A0:31 01 95 0001 360.22 0002 0.31 0003 78.34 0004 52.08 0005 85.61 0006 120.28
[2016-05-28 04:55:58.097930] 7C:EC:79:F0:A0:31 00 95 0001 1.91 0002 0.44 0003 85.04 0004 0.00 0005 74.67 0006 11.90
[2016-05-28 04:55:58.944489] 7C:EC:79:F0:A0:31 00 96 0001 0.35 0002 0.83 0003 111.63 0004 51.09 0005 99.85 0006 17.22
[2016-05-28 04:56:00.444568] 7C:EC:79:F0:A0:31 00 96 0001 0.37 0002 0.87 0003 153.19 0004 0.00 0005 120.13 0006 17.01
[2016-05-28 04:56:01.273324] 7C:EC:79:F0:A0:31 01 96 0001 62.09 0002 0.52 0003 113.96 0004 0.00 0005 106.66 0006 20.53
[2016-05-28 04:56:01.435707] 7C:EC:79:F0:A0:31 00 96 0001 0.62 0002 0.73 0003 66.28 0004 49.98 0005 57.33 0006 14.97
[2016-05-28 04:56:02.255269] 7C:EC:79:F0:A0:31 00 96 0001 0.39 0002 0.80 0003 123.10 0004 0.00 0005 107.74 0006 17.30
[2016-05-28 04:56:03.721312] 7C:EC:79:F0:A0:31 00 96 0001 0.34 0002 0.89 0003 130.92 0004 53.12 0005 121.66 0006 14.44
[2016-05-28 04:56:05.196669] 7C:EC:79:F0:A0:31 00 96 0001 0.29 0002 0.85 0003 148.08 0004 0.00 0005 123.19 0006 7.09
[2016-05-28 04:56:06.667392] 7C:EC:79:F0:A0:31 00 96 0001 0.40 0002 0.84 0003 146.55 0004 0.00 0005 124.63 0006 17.19
[2016-05-28 04:56:08.121507] 7C:EC:79:F0:A0:31 00 96 0001 0.37 0002 0.90 0003 160.08 0004 0.00 0005 127.51 0006 6.65
[2016-05-28 04:56:09.590202] 7C:EC:79:F0:A0:31 00 96 0001 0.39 0002 0.86 0003 153.82 0004 0.00 0005 126.15 0006 18.12
[2016-05-28 04:56:11.734488] 7C:EC:79:F0:A0:31 00 96 0001 0.33 0002 0.80 0003 144.16 0004 0.00 0005 120.38 0006 15.75
[2016-05-28 05:00:07.856854] 7C:EC:79:F0:A0:31 01 96 0001 62.64 0002 0.46 0003 129.16 0004 50.01 0005 110.70 0006 8.79
[2016-05-28 05:00:08.671577] 7C:EC:79:F0:A0:31 00 96 0001 0.68 0002 0.57 0003 135.16 0004 50.23 0005 111.54 0006 27.18
[2016-05-28 05:00:09.483797] 7C:EC:79:F0:A0:31 00 96 0001 0.38 0002 0.73 0003 140.08 0004 50.23 0005 116.37 0006 16.68
[2016-05-28 05:00:10.965401] 7C:EC:79:F0:A0:31 00 96 0001 0.61 0002 0.86 0003 128.78 0004 50.01 0005 110.99 0006 51.25
[2016-05-28 05:00:12.443017] 7C:EC:79:F0:A0:31 00 96 0001 0.34 0002 0.84 0003 136.75 0004 50.01 0005 116.15 0006 19.78
[2016-05-28 05:00:13.907118] 7C:EC:79:F0:A0:31 00 96 0001 0.34 0002 0.89 0003 131.39 0004 49.78 0005 112.92 0006 25.22
[2016-05-28 05:00:15.390642] 7C:EC:79:F0:A0:31 00 96 0001 0.26 0002 0.84 0003 144.83 0004 50.23 0005 113.58 0006 29.84
[2016-05-28 05:00:16.887299] 7C:EC:79:F0:A0:31 00 96 0001 0.30 0002 0.83 0003 129.61 0004 50.01 0005 111.22 0006 41.62
[2016-05-28 05:00:18.377575] 7C:EC:79:F0:A0:31 00 96 0001 0.41 0002 0.72 0003 137.96 0004 50.79 0005 115.14 0006 35.63
[2016-05-28 05:02:38.577965] 7C:EC:79:F0:A0:31 01 96 0001 63.68 0002 0.57 0003 111.44 0004 48.43 0005 107.14 0006 74.48
[2016-05-28 05:02:38.743429] 7C:EC:79:F0:A0:31 00 96 0001 0.36 0002 0.78 0003 133.50 0004 50.72 0005 111.36 0006 50.59
[2016-05-28 05:02:39.571046] 7C:EC:79:F0:A0:31 00 96 0001 0.39 0002 0.66 0003 130.60 0004 50.35 0005 108.78 0006 34.01
[2016-05-28 05:02:41.023115] 7C:EC:79:F0:A0:31 00 96 0001 0.37 0002 0.82 0003 129.20 0004 50.79 0005 113.96 0006 17.11
[2016-05-28 05:02:42.483390] 7C:EC:79:F0:A0:31 00 96 0001 0.40 0002 0.84 0003 133.71 0004 51.07 0005 114.46 0006 7.88
[2016-05-28 05:02:43.976305] 7C:EC:79:F0:A0:31 00 96 0001 0.31 0002 0.78 0003 131.01 0004 50.79 0005 113.65 0006 22.56
[2016-05-28 05:02:45.457198] 7C:EC:79:F0:A0:31 00 96 0001 0.38 0002 0.83 0003 142.67 0004 50.79 0005 113.80 0006 12.50
[2016-05-28 05:02:46.918380] 7C:EC:79:F0:A0:31 00 96 0001 0.40 0002 0.82 0003 134.63 0004 50.35 0005 114.95 0006 40.91
[2016-05-28 05:02:48.419197] 7C:EC:79:F0:A0:31 00 96 0001 0.33 0002 0.77 0003 135.13 0004 51.07 0005 115.39 0006 15.16
[2016-05-28 05:12:12.767111] 7C:EC:79:F0:A0:31 02 96 0001 658.00 0002 0.05 0003 31.38 0004 44.88 0005 41.54 0006 8.42
[2016-05-28 05:12:12.942443] 7C:EC:79:F0:A0:31 01 96 0001 45.77 0002 0.19 0003 29.92 0004 38.67 0005 43.73 0006 18.90
[2016-05-28 05:12:13.789682] 7C:EC:79:F0:A0:31 00 96 0001 8.73 0002 0.17 0003 82.09 0004 42.07 0005 50.97 0006 15.66
[2016-05-28 05:12:14.622899] 7C:EC:79:F0:A0:31 01 96 0001 42.00 0002 0.54 0003 167.34 0004 53.09 0005 74.60 0006 65.89
[2016-05-28 05:12:15.444022] 7C:EC:79:F0:A0:31 00 96 0001 6.89 0002 0.40 0003 63.33 0004 54.25 0005 40.89 0006 162.93
[2016-05-28 05:12:16.272887] 7C:EC:79:F0:A0:31 00 96 0001 29.88 0002 0.37 0003 63.90 0004 0.00 0005 63.75 0006 58.98
[2016-05-28 05:12:17.817968] 7C:EC:79:F0:A0:31 00 96 0001 0.30 0002 0.83 0003 159.45 0004 0.00 0005 119.35 0006 22.51
[2016-05-28 05:12:19.320215] 7C:EC:79:F0:A0:31 00 96 0001 0.32 0002 0.88 0003 141.52 0004 0.00 0005 121.22 0006 18.17
[2016-05-28 05:12:20.824018] 7C:EC:79:F0:A0:31 00 96 0001 0.33 0002 0.90 0003 147.52 0004 0.00 0005 121.27 0006 10.66
[2016-05-28 05:12:22.989855] 7C:EC:79:F0:A0:31 00 96 0001 0.34 0002 0.87 0003 148.50 0004 0.00 0005 118.01 0006 23.18
[2016-05-28 05:12:23.824162] 7C:EC:79:F0:A0:31 00 96 0001 0.40 0002 0.71 0003 142.50 0004 0.00 0005 118.10 0006 17.06
[2016-05-28 05:12:25.981916] 7C:EC:79:F0:A0:31 00 96 0001 0.38 0002 0.88 0003 137.76 0004 0.00 0005 121.14 0006 22.01
[2016-05-28 05:12:40.274269] 7C:EC:79:F0:A0:31 01 96 0001 79.52 0002 0.61 0003 85.54 0004 49.48 0005 58.54 0006 67.03
[2016-05-28 05:12:41.108016] 7C:EC:79:F0:A0:31 00 96 0001 22.78 0002 0.45 0003 65.30 0004 0.00 0005 56.97 0006 22.54
[2016-05-28 05:12:41.272822] 7C:EC:79:F0:A0:31 00 96 0001 0.44 0002 0.88 0003 157.68 0004 54.05 0005 86.27 0006 17.19
[2016-05-28 05:12:42.743529] 7C:EC:79:F0:A0:31 00 96 0001 0.34 0002 0.72 0003 135.19 0004 0.00 0005 117.13 0006 13.59
[2016-05-28 05:12:44.228135] 7C:EC:79:F0:A0:31 00 96 0001 0.30 0002 0.81 0003 146.96 0004 54.46 0005 120.03 0006 16.90
[2016-05-28 05:12:46.365578] 7C:EC:79:F0:A0:31 00 96 0001 0.38 0002 0.91 0003 148.29 0004 53.29 0005 120.23 0006 16.03
[2016-05-28 05:12:47.376210] 7C:EC:79:F0:A0:31 00 96 0001 0.25 0002 0.82 0003 141.77 0004 0.00 0005 118.02 0006 20.84
[2016-05-28 05:12:48.867729] 7C:EC:79:F0:A0:31 00 96 0001 0.35 0002 0.89 0003 148.46 0004 54.72 0005 118.76 0006 7.98
[2016-05-28 05:12:51.011955] 7C:EC:79:F0:A0:31 00 96 0001 0.29 0002 0.81 0003 143.31 0004 0.00 0005 123.90 0006 34.71
[2016-05-28 05:13:16.358282] 7C:EC:79:F0:A0:31 01 96 0001 304.31 0002 0.59 0003 87.00 0004 49.82 0005 88.35 0006 316.65
[2016-05-28 05:13:17.181128] 7C:EC:79:F0:A0:31 00 96 0001 0.30 0002 0.79 0003 160.94 0004 54.98 0005 105.76 0006 11.01
[2016-05-28 05:13:18.659012] 7C:EC:79:F0:A0:31 00 96 0001 0.46 0002 0.88 0003 142.59 0004 0.00 0005 120.19 0006 22.15
[2016-05-28 05:13:20.847638] 7C:EC:79:F0:A0:31 00 96 0001 0.40 0002 0.90 0003 148.62 0004 0.00 0005 121.66 0006 15.01
[2016-05-28 05:13:22.316647] 7C:EC:79:F0:A0:31 00 96 0001 0.25 0002 0.86 0003 140.34 0004 0.00 0005 118.77 0006 14.85
[2016-05-28 05:13:23.298290] 7C:EC:79:F0:A0:31 00 96 0001 0.36 0002 0.84 0003 146.37 0004 54.98 0005 118.95 0006 18.64
[2016-05-28 05:13:25.420129] 7C:EC:79:F0:A0:31 00 96 0001 0.39 0002 0.88 0003 150.84 0004 0.00 0005 120.61 0006 24.21
[2016-05-28 05:13:27.008177] 7C:EC:79:F0:A0:31 01 96 0001 125.09 0002 0.46 0003 109.97 0004 49.18 0005 51.51 0006 201.39
[2016-05-28 05:13:27.183772] 7C:EC:79:F0:A0:31 00 96 0001 0.59 0002 0.58 0003 55.33 0004 54.46 0005 57.84 0006 17.14
[2016-05-28 05:13:29.197173] 7C:EC:79:F0:A0:31 00 96 0001 0.36 0002 0.83 0003 150.71 0004 0.00 0005 106.83 0006 16.09
[2016-05-28 05:13:30.016435] 7C:EC:79:F0:A0:31 00 96 0001 0.33 0002 0.80 0003 151.64 0004 0.00 0005 121.33 0006 14.09
[2016-05-28 05:13:31.500113] 7C:EC:79:F0:A0:31 00 96 0001 0.30 0002 0.89 0003 141.98 0004 54.03 0005 119.39 0006 21.79
[2016-05-28 05:13:32.981069] 7C:EC:79:F0:A0:31 00 96 0001 0.40 0002 0.91 0003 145.91 0004 0.00 0005 119.72 0006 7.81
[2016-05-28 05:13:34.477540] 7C:EC:79:F0:A0:31 00 96 0001 0.48 0002 0.87 0003 151.97 0004 0.00 0005 122.34 0006 21.05
[2016-05-28 05:13:35.946059] 7C:EC:79:F0:A0:31 00 96 0001 0.42 0002 0.84 0003 138.56 0004 54.98 0005 120.34 0006 19.98
[2016-05-28 05:13:38.100114] 7C:EC:79:F0:A0:31 00 96 0001 0.34 0002 0.85 0003 140.36 0004 0.00 0005 116.94 0006 17.39
[2016-05-28 05:13:55.714587] 7C:EC:79:F0:A0:31 01 96 0001 154.83 0002 0.07 0003 45.38 0004 38.41 0005 41.79 0006 14.31
[2016-05-28 05:13:56.531937] 7C:EC:79:F0:A0:31 00 96 0001 3.65 0002 0.06 0003 66.58 0004 42.29 0005 44.23 0006 24.86
[2016-05-28 05:13:57.355236] 7C:EC:79:F0:A0:31 01 96 0001 541.35 0002 0.04 0003 52.33 0004 42.81 0005 39.80 0006 19.59
[2016-05-28 05:13:58.171782] 7C:EC:79:F0:A0:31 01 96 0001 131.82 0002 0.05 0003 53.68 0004 42.29 0005 43.07 0006 12.51
[2016-05-28 05:13:58.332461] 7C:EC:79:F0:A0:31 00 96 0001 2.85 0002 0.28 0003 79.40 0004 43.45 0005 62.74 0006 22.70
[2016-05-28 05:13:59.861250] 7C:EC:79:F0:A0:31 00 96 0001 16.01 0002 0.08 0003 64.54 0004 38.56 0005 49.53 0006 16.04
[2016-05-28 05:14:00.680585] 7C:EC:79:F0:A0:31 03 96 0001 1257.66 0002 0.19 0003 66.24 0004 38.49 0005 50.74 0006 674.30
[2016-05-28 05:14:00.848699] 7C:EC:79:F0:A0:31 00 96 0001 0.35 0002 0.83 0003 188.77 0004 52.58 0005 68.59 0006 8.05
[2016-05-28 05:14:03.036714] 7C:EC:79:F0:A0:31 00 96 0001 0.36 0002 0.88 0003 126.41 0004 0.00 0005 119.22 0006 18.91
[2016-05-28 05:14:03.938216] 7C:EC:79:F0:A0:31 00 96 0001 0.33 0002 0.93 0003 155.43 0004 54.98 0005 117.44 0006 12.43
[2016-05-28 05:14:06.098891] 7C:EC:79:F0:A0:31 00 96 0001 0.44 0002 0.83 0003 151.38 0004 0.00 0005 120.77 0006 20.40
[2016-05-28 05:14:07.574978] 7C:EC:79:F0:A0:31 00 96 0001 0.35 0002 0.79 0003 143.22 0004 0.00 0005 117.29 0006 13.98
[2016-05-28 05:14:09.083817] 7C:EC:79:F0:A0:31 00 96 0001 0.43 0002 0.85 0003 152.85 0004 0.00 0005 122.92 0006 19.09
[2016-05-28 05:14:10.586053] 7C:EC:79:F0:A0:31 00 96 0001 0.34 0002 0.81 0003 145.67 0004 0.00 0005 123.41 0006 5.68
[2016-05-28 05:14:12.815846] 7C:EC:79:F0:A0:31 01 96 0001 59.36 0002 0.59 0003 93.70 0004 0.00 0005 78.43 0006 81.94
[2016-05-28 05:14:13.676738] 7C:EC:79:F0:A0:31 01 96 0001 76.90 0002 0.67 0003 149.96 0004 55.66 0005 63.54 0006 352.26
[2016-05-28 05:14:13.853602] 7C:EC:79:F0:A0:31 00 96 0001 13.06 0002 0.61 0003 127.78 0004 0.00 0005 65.53 0006 180.05
[2016-05-28 05:14:15.342349] 7C:EC:79:F0:A0:31 00 96 0001 25.41 0002 0.38 0003 109.96 0004 52.05 0005 73.36 0006 150.86
[2016-05-28 05:14:16.879478] 7C:EC:79:F0:A0:31 00 96 0001 0.61 0002 0.57 0003 157.85 0004 0.00 0005 89.24 0006 11.03
[2016-05-28 05:14:17.042551] 7C:EC:79:F0:A0:31 01 96 0001 58.83 0002 0.67 0003 81.96 0004 0.00 0005 74.55 0006 269.82
[2016-05-28 05:14:17.857601] 7C:EC:79:F0:A0:31 00 96 0001 7.72 0002 0.55 0003 115.48 0004 56.59 0005 112.16 0006 19.41
[2016-05-28 05:14:18.015441] 7C:EC:79:F0:A0:31 00 96 0001 12.81 0002 0.48 0003 78.04 0004 53.47 0005 70.37 0006 51.13
[2016-05-28 05:14:18.876710] 7C:EC:79:F0:A0:31 01 96 0001 195.91 0002 0.48 0003 81.37 0004 0.00 0005 69.23 0006 104.32
[2016-05-28 05:14:19.043404] 7C:EC:79:F0:A0:31 00 96 0001 5.71 0002 0.43 0003 69.06 0004 0.00 0005 62.05 0006 24.96
[2016-05-28 05:14:19.893329] 7C:EC:79:F0:A0:31 01 96 0001 194.49 0002 0.48 0003 103.82 0004 0.00 0005 57.45 0006 57.45
[2016-05-28 05:14:21.417963] 7C:EC:79:F0:A0:31 00 96 0001 29.00 0002 0.43 0003 75.19 0004 50.57 0005 58.77 0006 258.93
[2016-05-28 05:14:22.283659] 7C:EC:79:F0:A0:31 01 96 0001 89.90 0002 0.51 0003 100.78 0004 51.62 0005 59.40 0006 205.05
[2016-05-28 05:14:22.445946] 7C:EC:79:F0:A0:31 00 96 0001 0.34 0002 0.91 0003 80.36 0004 54.05 0005 70.39 0006 21.65
[2016-05-28 05:14:23.271428] 7C:EC:79:F0:A0:31 00 96 0001 0.38 0002 0.86 0003 139.43 0004 0.00 0005 119.03 0006 12.36
[2016-05-28 05:14:24.732283] 7C:EC:79:F0:A0:31 00 96 0001 0.28 0002 0.83 0003 144.13 0004 0.00 0005 120.73 0006 17.15
[2016-05-28 05:14:26.223516] 7C:EC:79:F0:A0:31 00 96 0001 0.35 0002 0.86 0003 151.46 0004 0.00 0005 120.49 0006 7.93
[2016-05-28 05:14:27.725635] 7C:EC:79:F0:A0:31 00 96 0001 0.30 0002 0.84 0003 148.00 0004 0.00 0005 117.93 0006 16.13
[2016-05-28 05:14:29.044140] 7C:EC:79:F0:A0:31 00 96 0001 0.38 0002 0.91 0003 138.70 0004 0.00 0005 118.85 0006 9.19
[2016-05-28 05:14:30.553088] 7C:EC:79:F0:A0:31 00 96 0001 0.39 0002 0.81 0003 144.41 0004 0.00 0005 121.24 0006 15.63
[2016-05-28 05:14:32.691915] 7C:EC:79:F0:A0:31 00 96 0001 0.83 0002 0.72 0003 141.10 0004 0.00 0005 118.68 0006 8.02
[2016-05-28 05:18:16.171392] 7C:EC:79:F0:A0:31 01 96 0001 58.84 0002 0.55 0003 105.14 0004 54.05 0005 67.17 0006 155.86
[2016-05-28 05:18:16.342791] 7C:EC:79:F0:A0:31 00 96 0001 0.30 0002 0.84 0003 127.19 0004 0.00 0005 112.76 0006 9.03
[2016-05-28 05:18:17.524526] 7C:EC:79:F0:A0:31 01 96 0001 502.95 0002 0.60 0003 90.15 0004 53.15 0005 71.84 0006 252.00
[2016-05-28 05:18:17.690739] 7C:EC:79:F0:A0:31 00 96 0001 0.33 0002 0.81 0003 63.50 0004 55.22 0005 75.28 0006 13.19
[2016-05-28 05:18:18.873515] 7C:EC:79:F0:A0:31 00 96 0001 0.70 0002 0.76 0003 147.45 0004 0.00 0005 121.23 0006 23.43
[2016-05-28 05:18:21.076930] 7C:EC:79:F0:A0:31 00 96 0001 0.86 0002 0.57 0003 125.29 0004 52.16 0005 115.43 0006 12.10
[2016-05-28 05:18:21.246276] 7C:EC:79:F0:A0:31 01 96 0001 36.88 0002 0.96 0003 125.84 0004 0.00 0005 103.16 0006 294.16
[2016-05-28 05:18:22.396207] 7C:EC:79:F0:A0:31 00 96 0001 0.34 0002 0.86 0003 137.90 0004 0.00 0005 121.75 0006 11.64
[2016-05-28 05:18:22.556407] 7C:EC:79:F0:A0:31 00 96 0001 0.38 0002 0.87 0003 151.54 0004 0.00 0005 117.45 0006 22.40
[2016-05-28 05:18:23.717422] 7C:EC:79:F0:A0:31 00 96 0001 0.34 0002 0.80 0003 155.49 0004 54.72 0005 120.40 0006 22.23
[2016-05-28 05:18:25.920961] 7C:EC:79:F0:A0:31 00 96 0001 0.40 0002 0.76 0003 143.51 0004 54.03 0005 118.83 0006 17.22
[2016-05-28 05:18:27.107237] 7C:EC:79:F0:A0:31 00 96 0001 0.41 0002 0.92 0003 143.75 0004 54.98 0005 119.99 0006 14.51
[2016-05-28 05:18:28.277512] 7C:EC:79:F0:A0:31 00 96 0001 0.38 0002 0.85 0003 146.62 0004 54.98 0005 120.63 0006 22.52
[2016-05-28 05:18:30.489716] 7C:EC:79:F0:A0:31 00 96 0001 0.37 0002 0.90 0003 155.65 0004 54.98 0005 121.48 0006 11.69
[2016-05-28 05:18:31.679837] 7C:EC:79:F0:A0:31 00 96 0001 0.40 0002 0.86 0003 147.22 0004 54.72 0005 120.96 0006 14.37
[2016-05-28 05:18:37.248131] 7C:EC:79:F0:A0:31 01 96 0001 91.57 0002 0.55 0003 134.29 0004 0.00 0005 122.03 0006 165.44
[2016-05-28 05:18:38.448717] 7C:EC:79:F0:A0:31 00 96 0001 19.59 0002 0.52 0003 93.01 0004 51.35 0005 54.32 0006 126.19
[2016-05-28 05:18:39.631593] 7C:EC:79:F0:A0:31 00 96 0001 0.33 0002 0.82 0003 147.14 0004 55.31 0005 123.29 0006 6.54
[2016-05-28 05:18:40.869904] 7C:EC:79:F0:A0:31 00 96 0001 0.37 0002 0.85 0003 144.91 0004 54.98 0005 119.92 0006 18.08
[2016-05-28 05:18:43.045779] 7C:EC:79:F0:A0:31 00 96 0001 0.32 0002 0.91 0003 150.70 0004 54.98 0005 122.05 0006 8.35
[2016-05-28 05:18:44.305264] 7C:EC:79:F0:A0:31 00 96 0001 0.34 0002 0.87 0003 139.33 0004 54.72 0005 122.15 0006 16.38
[2016-05-28 05:18:45.503944] 7C:EC:79:F0:A0:31 00 96 0001 0.36 0002 0.88 0003 141.84 0004 54.98 0005 121.76 0006 10.09
[2016-05-28 05:18:47.751190] 7C:EC:79:F0:A0:31 00 96 0001 0.34 0002 0.89 0003 144.55 0004 0.00 0005 121.31 0006 29.07
